 70 38 38 28.22 33.53 33.33 103040 0.00 0.00 0.00     0 26.31 32.00 31.35  8356   945 2.994
 36 38 38 28.22 33.53 33.33 103040 0.00 0.00 0.00     0 26.68 32.43 31.55  8798  1146 4.544
 36 38 38 28.22 33.53 33.33 103040 0.00 0.00 0.00     0 24.49 31.53 30.07  5586   481 4.321
 36 38 38 24.38 31.99 31.39 59736 0.00 0.00 0.00     0 25.37 31.84 30.96  7216   831 1.678
 36 38 38 24.38 31.99 31.39 59736 0.00 0.00 0.00     0 22.15 30.65 29.34  5773   377 0.662
 36 38 38 24.38 31.99 31.39 59736 0.00 0.00 0.00     0 22.15 30.65 29.34  5773   377 0.664
 36 38 38 24.38 31.99 31.39 59736 0.00 0.00 0.00     0 23.96 31.24 30.10  5656   488 0.729
 36 38 38 24.38 31.99 31.39 59736 0.00 0.00 0.00     0 24.61 31.50 30.43  5826   565 0.747
 36 38 38 24.38 31.99 31.39 59736 0.00 0.00 0.00     0 25.37 31.84 30.96  7216   831 0.754
 36 38 38 24.38 31.99 31.39 59736 0.00 0.00 0.00     0 26.58 32.42 31.62 10160  1543 0.777
 36 38 38 24.38 31.99 31.39 59736 0.00 0.00 0.00     0 27.19 32.72 32.00 11809  1977 0.788
 36 38 38 24.38 31.99 31.39 59736 0.00 0.00 0.00     0 27.80 33.01 32.30 13460  2464 0.806
 36 38 38 24.38 31.99 31.39 59736 0.00 0.00 0.00     0 28.18 33.23 32.60 15082  3108 0.829
 36 38 38 24.38 31.99 31.39 59736 0.00 0.00 0.00     0 28.57 33.43 32.82 16724  3706 0.830
 36 38 38 24.38 31.99 31.39 59736 0.00 0.00 0.00     0 29.00 33.64 33.09 18342  4466 0.844
 36 38 38 24.38 31.99 31.39 59736 0.00 0.00 0.00     0 29.90 34.24 33.70 23343  6667 0.849
 36 38 38 24.38 31.99 31.39 59736 0.00 0.00 0.00     0 31.13 35.09 34.58 33352 13842 0.875
