Parsing Configfile encoder.cfg...................................................................................

--------------------------------------------------------------------------
 Input YUV file                    : MOBILE_CIF_ORIGINAL.yuv
 Output H.26L bitstream            : MOBILE_CIF.264
 Output YUV file                   : MOBILE_CIF_RECONSTRUCTED.yuv
 Output log file                   : log.dat
 Output statistics file            : stat.dat
--------------------------------------------------------------------------
 Frame   Bit/pic   QP   SnrY    SnrU    SnrV    Time(ms) Frm/Fld IntraMBs
   0(I)     59736   42 24.3810 31.9886 31.3879    271       FRM
   2(P)      3640   42 24.2506 32.0321 31.3475    463       FRM       0
   1(B)       216   42 24.1955 32.0293 31.4069    773       FRM
   4(P)     13192   39 24.9523 32.1157 31.3615    597       FRM       3
   3(B)       736   41 24.4435 31.9964 31.2586    861       FRM
   6(P)     37920   36 26.9903 32.6348 32.0582    746       FRM       8
   5(B)      2752   38 26.1601 32.4695 31.8284    892       FRM
   8(P)     56864   33 29.4263 33.5609 33.0024    793       FRM       8
   7(B)      4720   35 27.8096 33.2525 32.6421    973       FRM
  10(P)     77128   30 31.9350 35.2262 34.8072    830       FRM      10
   9(B)      9920   32 29.7625 34.6523 34.1029    997       FRM
  12(P)     90432   27 33.7089 36.1532 35.9790    869       FRM       7
  11(B)     18208   30 31.3903 35.4785 35.1860   1020       FRM
  14(P)    124232   25 36.3394 37.9421 37.7348    920       FRM       3
  13(B)     48536   27 34.3654 36.9680 36.6947   1073       FRM
  16(P)    126992   22 37.0873 38.5847 38.5653    919       FRM      10
  15(B)     76816   25 36.4699 38.2365 38.0308   1116       FRM
  18(P)    180184   21 39.7109 40.8299 40.6732    971       FRM       6
  17(B)     95392   23 38.2323 39.6477 39.5558   1131       FRM
  20(P)    229664   18 42.2531 43.0377 43.0230   1012       FRM       6
  19(B)    132936   20 40.8388 41.7736 41.7236   1190       FRM
  22(P)    289968   15 45.1053 45.5927 45.5130   1046       FRM       9
  21(B)    195136   17 43.5212 44.2971 44.1950   1212       FRM
  24(P)    351152   12 47.5960 47.8944 47.9675   1070       FRM      14
  23(B)    256768   14 46.0754 46.7221 46.6909   1284       FRM
  26(P)    426768    9 50.3899 50.5064 50.5150   1102       FRM      16
  25(B)    325312   11 48.6312 49.1145 49.1551   1313       FRM
  28(P)    505312    6 52.5706 52.6112 52.7178   1111       FRM      16
  27(B)    407712    8 51.0335 51.2259 51.3017   1326       FRM
  30(I)     74608   40 25.9788 32.2516 31.6581    280       FRM
  29(B)     90104   23 39.0394 42.2915 42.1179   1164       FRM
  32(P)     11112   37 30.9069 38.9456 37.5767    700       FRM       1
  31(B)      1968   39 29.7653 38.2845 36.9389    871       FRM
  34(P)     19856   34 31.3196 38.4537 37.3679    748       FRM       4
  33(B)      4208   36 30.0657 37.4325 36.0845    897       FRM
  36(P)     36880   31 32.7085 37.7198 36.6696    805       FRM       6
  35(B)      4912   33 30.8175 36.9742 35.7324    951       FRM
  38(P)     64312   28 34.6723 37.9819 37.3701    851       FRM       4
  37(B)     20752   30 32.5786 37.0500 36.2450    999       FRM
  40(P)    104320   25 36.9122 38.9487 38.7137    904       FRM       6
  39(B)     45936   27 35.0387 37.6758 37.4094   1076       FRM
  42(P)    149696   22 39.2375 40.5628 40.2482    985       FRM       7
  41(B)     80688   24 37.5618 39.3361 39.1537   1140       FRM
  44(P)    143880   19 39.0040 40.5129 40.6217    958       FRM       2
  43(B)     73024   24 37.6784 39.4820 39.1800   1123       FRM
  46(P)    200448   19 41.7149 42.6703 42.5385    998       FRM       4
  45(B)    112968   21 40.1746 41.4553 41.2961   1172       FRM
  48(P)    257744   16 44.3018 44.8140 44.7210   1042       FRM       2
  47(B)    148384   18 42.6707 43.5238 43.3923   1209       FRM
  50(P)    330176   13 46.8378 47.1706 47.1756   1072       FRM       5
  49(B)    210520   15 45.3544 46.0320 45.9013   1260       FRM
  52(P)    400312   10 49.5228 49.5619 49.6500   1093       FRM      10
  51(B)    273728   12 47.6778 48.1525 48.2320   1282       FRM
  54(P)    392856    7 48.8197 49.1348 49.3676   1094       FRM      12
  53(B)    271264   12 47.7262 48.2415 48.3285   1280       FRM
  56(P)    490952    7 51.8829 51.9742 51.9153   1125       FRM       7
  55(B)    372680    9 50.4762 50.6786 50.7005   1327       FRM
Assertion failed: n->len < 65000, file C:\_Develop\H.264\JM_7.5c\JM\lencod\src\rtp.c, line 194

abnormal program termination
